December 29 2023
3
6
9
25
30
36
42
34
$27,000,000
December 26 2023
1
11
13
17
42
45
49
23
$22,000,000
December 22 2023
8
16
19
25
30
33
47
10
$17,000,000
December 19 2023
2
3
4
13
21
35
38
50
$12,000,000
December 15 2023
With Max Millions!	
1
2
13
15
20
21
45
8
$50,000,000
December 12 2023
2
6
22
23
28
30
42
43
$40,000,000
December 8 2023
8
9
11
23
25
32
34
20
$30,000,000
December 5 2023
3
4
8
10
38
43
47
18
$25,000,000
December 1 2023
4
12
15
22
36
44
46
33
$20,000,000
November 28 2023
1
18
25
26
30
34
39
20
$15,000,000
November 24 2023
2
24
25
28
36
37
46
26
$10,000,000
November 21 2023
7
13
30
34
37
38
42
35
$40,000,000
November 17 2023
2
23
28
30
31
33
37
50
$33,000,000
November 14 2023
9
14
15
19
45
47
50
33
$28,000,000
November 10 2023
7
12
15
16
35
45
48
10
$23,000,000
November 7 2023
4
6
16
19
29
31
44
22
$18,000,000
November 3 2023
5
7
9
10
19
24
40
18
$13,000,000
October 31 2023
With Max Millions!	
22
23
25
26
35
40
44
33
$55,000,000
October 27 2023
With Max Millions!	
6
17
25
28
30
34
36
15
$50,000,000
October 24 2023
4
15
16
17
23
27
47
1
$32,000,000
October 20 2023
3
18
19
21
25
46
50
22
$27,000,000
October 17 2023
2
7
15
16
18
19
25
35
$22,000,000
October 13 2023
8
17
20
23
28
31
33
45
$17,000,000
October 10 2023
5
6
12
28
33
41
47
1
$12,000,000
October 6 2023
With Max Millions!	
4
17
20
23
25
27
41
7
$50,000,000
October 3 2023
1
7
10
15
30
34
47
29
$40,000,000
September 29 2023
2
12
19
26
34
44
46
41
$30,000,000
September 26 2023
3
7
13
20
22
25
47
23
$25,000,000
September 22 2023
12
13
19
26
33
39
43
2
$20,000,000
September 19 2023
4
7
13
20
24
30
48
5
$15,000,000
September 15 2023
1
2
11
27
31
35
44
18
$10,000,000
September 12 2023
6
7
9
12
13
32
37
15
$17,000,000
September 8 2023
15
22
25
29
30
31
34
18
$12,000,000
September 5 2023
With Max Millions!	
8
20
23
26
38
45
47
33
$50,000,000
September 1 2023
1
7
15
30
36
37
46
14
$40,000,000
August 29 2023
13
17
19
22
26
28
40
20
$33,000,000
August 25 2023
7
12
17
18
37
38
45
40
$28,000,000
August 22 2023
2
7
12
19
38
42
50
39
$23,000,000
August 18 2023
1
7
29
36
40
42
50
35
$18,000,000
August 15 2023
13
15
20
29
31
48
49
18
$13,000,000
August 11 2023
With Max Millions!	
7
8
23
28
29
31
37
43
$55,000,000
August 8 2023
With Max Millions!	
7
19
22
34
44
46
49
26
$50,000,000
August 4 2023
2
11
16
21
32
44
47
13
$40,000,000
August 1 2023
2
13
26
28
30
43
46
24
$33,000,000
July 28 2023
4
17
26
28
29
41
48
16
$28,000,000
July 25 2023
With Max Millions!	
15
16
17
18
43
44
48
50
$70,000,000
July 21 2023
With Max Millions!	
4
8
14
25
28
40
41
6
$70,000,000
July 18 2023
With Max Millions!	
2
4
5
15
29
40
49
42
$70,000,000
July 14 2023
With Max Millions!	
3
11
23
27
39
44
48
17
$65,000,000
July 11 2023
With Max Millions!	
5
16
23
24
31
40
48
3
$60,000,000
July 7 2023
With Max Millions!	
12
13
28
32
34
35
40
27
$55,000,000
July 4 2023
With Max Millions!	
2
9
20
21
23
32
43
1
$50,000,000
June 30 2023
1
13
19
26
35
42
49
37
$40,000,000
June 27 2023
1
9
25
31
34
35
38
36
$30,000,000
June 23 2023
8
19
21
29
33
40
46
25
$25,000,000
June 20 2023
5
10
24
30
32
43
48
40
$20,000,000
June 16 2023
11
20
30
34
41
47
49
16
$15,000,000
June 13 2023
1
2
8
12
24
44
45
26
$10,000,000
June 9 2023
7
10
12
31
37
42
44
34
$22,000,000
June 6 2023
With Max Millions!	
4
7
13
16
31
32
39
26
$70,000,000
June 2 2023
With Max Millions!	
1
12
16
21
29
43
49
8
$70,000,000
May 30 2023
With Max Millions!	
13
14
18
19
25
29
38
36
$65,000,000
May 26 2023
With Max Millions!	
2
7
9
12
21
30
37
23
$60,000,000
May 23 2023
With Max Millions!	
1
7
10
18
23
24
34
3
$55,000,000
May 19 2023
With Max Millions!	
12
13
35
41
42
44
47
32
$50,000,000
May 16 2023
11
13
19
25
28
46
49
24
$40,000,000
May 12 2023
4
5
20
26
28
29
48
44
$33,000,000
May 9 2023
18
19
31
33
35
40
50
16
$28,000,000
May 5 2023
8
16
22
24
25
30
32
11
$23,000,000
May 2 2023
2
12
22
30
32
35
36
1
$18,000,000
April 28 2023
1
2
12
15
35
39
45
44
$13,000,000
April 25 2023
With Max Millions!	
4
19
21
33
37
38
39
42
$55,000,000
April 21 2023
With Max Millions!	
7
8
18
26
33
42
46
39
$50,000,000
April 18 2023
5
7
16
20
26
30
36
44
$40,000,000
April 14 2023
17
25
28
30
34
46
49
42
$30,000,000
April 11 2023
4
5
11
12
31
43
44
15
$25,000,000
April 7 2023
15
26
34
41
44
45
46
11
$20,000,000
April 4 2023
6
15
29
32
36
45
48
39
$15,000,000
March 31 2023
With Max Millions!	
1
3
26
28
36
47
50
48
$60,000,000
March 28 2023
With Max Millions!	
5
9
12
19
21
22
49
31
$55,000,000
March 24 2023
With Max Millions!	
5
9
14
23
32
33
46
26
$50,000,000
March 21 2023
7
15
17
20
32
40
50
21
$40,000,000
March 17 2023
5
15
17
22
25
37
46
13
$34,000,000
March 14 2023
4
15
17
24
27
32
41
36
$29,000,000
March 10 2023
18
19
31
36
38
41
43
8
$24,000,000
March 7 2023
1
16
26
28
31
44
45
22
$19,000,000
March 3 2023
10
14
20
37
42
44
46
50
$14,000,000
February 28 2023
With Max Millions!	
1
3
8
24
35
42
43
18
$55,000,000
February 24 2023
With Max Millions!	
1
11
15
21
35
48
49
3
$50,000,000
February 21 2023
2
14
26
31
35
39
49
32
$40,000,000
February 17 2023
10
12
23
26
39
41
45
42
$30,000,000
February 14 2023
9
15
21
28
31
36
38
12
$25,000,000
February 10 2023
6
16
22
23
28
29
34
8
$20,000,000
February 7 2023
1
13
26
30
37
42
50
10
$15,000,000
February 3 2023
7
10
15
17
25
39
45
43
$10,000,000
January 31 2023
2
6
16
23
40
41
48
31
$31,000,000
January 27 2023
4
5
9
13
29
30
35
20
$26,000,000
January 24 2023
10
20
25
29
35
42
45
3
$21,000,000
January 20 2023
9
16
17
19
30
38
49
45
$16,000,000
January 17 2023
With Max Millions!	
1
2
5
6
16
30
45
19
$60,000,000
January 13 2023
With Max Millions!	
3
16
17
23
35
37
47
26
$55,000,000
January 10 2023
With Max Millions!	
10
16
18
33
34
37
45
36
$50,000,000
January 6 2023
7
14
20
24
35
40
50
15
$40,000,000
January 3 2023
9
25
32
34
37
46
50
18
$30,354,791.60